--------------------
Cycle 1:	256	ADD R1, R0, R0

Registers
R00:	0	0	0	0	0	0	0	0	
R08:	0	0	0	0	0	0	0	0	
R16:	0	0	0	0	0	0	0	0	
R24:	0	0	0	0	0	0	0	0	
Data
300:	-1	-2	-3	1	2	4	-4	10	
332:	7	9	1	0	-1	1	-1	0	
--------------------
Cycle 2:	260	ADDI R2, R0, #2

Registers
R00:	0	0	2	0	0	0	0	0	
R08:	0	0	0	0	0	0	0	0	
R16:	0	0	0	0	0	0	0	0	
R24:	0	0	0	0	0	0	0	0	
Data
300:	-1	-2	-3	1	2	4	-4	10	
332:	7	9	1	0	-1	1	-1	0	
--------------------
Cycle 3:	264	BEQ R1, R2, #28

Registers
R00:	0	0	2	0	0	0	0	0	
R08:	0	0	0	0	0	0	0	0	
R16:	0	0	0	0	0	0	0	0	
R24:	0	0	0	0	0	0	0	0	
Data
300:	-1	-2	-3	1	2	4	-4	10	
332:	7	9	1	0	-1	1	-1	0	
--------------------
Cycle 4:	268	SLL R16, R1, #2

Registers
R00:	0	0	2	0	0	0	0	0	
R08:	0	0	0	0	0	0	0	0	
R16:	0	0	0	0	0	0	0	0	
R24:	0	0	0	0	0	0	0	0	
Data
300:	-1	-2	-3	1	2	4	-4	10	
332:	7	9	1	0	-1	1	-1	0	
--------------------
Cycle 5:	272	LW R3, 300(R16)

Registers
R00:	0	0	2	-1	0	0	0	0	
R08:	0	0	0	0	0	0	0	0	
R16:	0	0	0	0	0	0	0	0	
R24:	0	0	0	0	0	0	0	0	
Data
300:	-1	-2	-3	1	2	4	-4	10	
332:	7	9	1	0	-1	1	-1	0	
--------------------
Cycle 6:	276	LW R4, 320(R16)

Registers
R00:	0	0	2	-1	4	0	0	0	
R08:	0	0	0	0	0	0	0	0	
R16:	0	0	0	0	0	0	0	0	
R24:	0	0	0	0	0	0	0	0	
Data
300:	-1	-2	-3	1	2	4	-4	10	
332:	7	9	1	0	-1	1	-1	0	
--------------------
Cycle 7:	280	ADD R5, R3, R4

Registers
R00:	0	0	2	-1	4	3	0	0	
R08:	0	0	0	0	0	0	0	0	
R16:	0	0	0	0	0	0	0	0	
R24:	0	0	0	0	0	0	0	0	
Data
300:	-1	-2	-3	1	2	4	-4	10	
332:	7	9	1	0	-1	1	-1	0	
--------------------
Cycle 8:	284	SW R5, 340(R16)

Registers
R00:	0	0	2	-1	4	3	0	0	
R08:	0	0	0	0	0	0	0	0	
R16:	0	0	0	0	0	0	0	0	
R24:	0	0	0	0	0	0	0	0	
Data
300:	-1	-2	-3	1	2	4	-4	10	
332:	7	9	3	0	-1	1	-1	0	
--------------------
Cycle 9:	288	ADDI R1, R1, #1

Registers
R00:	0	1	2	-1	4	3	0	0	
R08:	0	0	0	0	0	0	0	0	
R16:	0	0	0	0	0	0	0	0	
R24:	0	0	0	0	0	0	0	0	
Data
300:	-1	-2	-3	1	2	4	-4	10	
332:	7	9	3	0	-1	1	-1	0	
--------------------
Cycle 10:	292	J #264

Registers
R00:	0	1	2	-1	4	3	0	0	
R08:	0	0	0	0	0	0	0	0	
R16:	0	0	0	0	0	0	0	0	
R24:	0	0	0	0	0	0	0	0	
Data
300:	-1	-2	-3	1	2	4	-4	10	
332:	7	9	3	0	-1	1	-1	0	
--------------------
Cycle 11:	264	BEQ R1, R2, #28

Registers
R00:	0	1	2	-1	4	3	0	0	
R08:	0	0	0	0	0	0	0	0	
R16:	0	0	0	0	0	0	0	0	
R24:	0	0	0	0	0	0	0	0	
Data
300:	-1	-2	-3	1	2	4	-4	10	
332:	7	9	3	0	-1	1	-1	0	
--------------------
Cycle 12:	268	SLL R16, R1, #2

Registers
R00:	0	1	2	-1	4	3	0	0	
R08:	0	0	0	0	0	0	0	0	
R16:	4	0	0	0	0	0	0	0	
R24:	0	0	0	0	0	0	0	0	
Data
300:	-1	-2	-3	1	2	4	-4	10	
332:	7	9	3	0	-1	1	-1	0	
--------------------
Cycle 13:	272	LW R3, 300(R16)

Registers
R00:	0	1	2	-2	4	3	0	0	
R08:	0	0	0	0	0	0	0	0	
R16:	4	0	0	0	0	0	0	0	
R24:	0	0	0	0	0	0	0	0	
Data
300:	-1	-2	-3	1	2	4	-4	10	
332:	7	9	3	0	-1	1	-1	0	
--------------------
Cycle 14:	276	LW R4, 320(R16)

Registers
R00:	0	1	2	-2	-4	3	0	0	
R08:	0	0	0	0	0	0	0	0	
R16:	4	0	0	0	0	0	0	0	
R24:	0	0	0	0	0	0	0	0	
Data
300:	-1	-2	-3	1	2	4	-4	10	
332:	7	9	3	0	-1	1	-1	0	
--------------------
Cycle 15:	280	ADD R5, R3, R4

Registers
R00:	0	1	2	-2	-4	-6	0	0	
R08:	0	0	0	0	0	0	0	0	
R16:	4	0	0	0	0	0	0	0	
R24:	0	0	0	0	0	0	0	0	
Data
300:	-1	-2	-3	1	2	4	-4	10	
332:	7	9	3	0	-1	1	-1	0	
--------------------
Cycle 16:	284	SW R5, 340(R16)

Registers
R00:	0	1	2	-2	-4	-6	0	0	
R08:	0	0	0	0	0	0	0	0	
R16:	4	0	0	0	0	0	0	0	
R24:	0	0	0	0	0	0	0	0	
Data
300:	-1	-2	-3	1	2	4	-4	10	
332:	7	9	3	-6	-1	1	-1	0	
--------------------
Cycle 17:	288	ADDI R1, R1, #1

Registers
R00:	0	2	2	-2	-4	-6	0	0	
R08:	0	0	0	0	0	0	0	0	
R16:	4	0	0	0	0	0	0	0	
R24:	0	0	0	0	0	0	0	0	
Data
300:	-1	-2	-3	1	2	4	-4	10	
332:	7	9	3	-6	-1	1	-1	0	
--------------------
Cycle 18:	292	J #264

Registers
R00:	0	2	2	-2	-4	-6	0	0	
R08:	0	0	0	0	0	0	0	0	
R16:	4	0	0	0	0	0	0	0	
R24:	0	0	0	0	0	0	0	0	
Data
300:	-1	-2	-3	1	2	4	-4	10	
332:	7	9	3	-6	-1	1	-1	0	
--------------------
Cycle 19:	264	BEQ R1, R2, #28

Registers
R00:	0	2	2	-2	-4	-6	0	0	
R08:	0	0	0	0	0	0	0	0	
R16:	4	0	0	0	0	0	0	0	
R24:	0	0	0	0	0	0	0	0	
Data
300:	-1	-2	-3	1	2	4	-4	10	
332:	7	9	3	-6	-1	1	-1	0	
--------------------
Cycle 20:	296	BREAK

Registers
R00:	0	2	2	-2	-4	-6	0	0	
R08:	0	0	0	0	0	0	0	0	
R16:	4	0	0	0	0	0	0	0	
R24:	0	0	0	0	0	0	0	0	
Data
300:	-1	-2	-3	1	2	4	-4	10	
332:	7	9	3	-6	-1	1	-1	0	
